4294967293,131
4294967293,130
4294967293,129
4294967293,128
4294967293,127
4294967293,126
4294967293,125
4294967293,124
4294967293,123
4294967293,122
4294967293,121
4294967293,120
4294967293,119
4294967293,118
4294967293,117
4294967293,116
4294967293,115
4294967293,114
4294967293,113
4294967293,112
4294967293,111
4294967293,110
4294967293,109
4294967293,108
4294967293,107
4294967293,106
4294967293,105
4294967293,104
4294967293,103
4294967293,102
4294967293,101
4294967293,100
4294967293,99
4294967293,98
4294967293,97
4294967293,96
4294967293,95
4294967293,94
4294967293,93
4294967293,92
4294967293,91
4294967293,90
4294967293,89
4294967293,87
4294967293,86
4294967293,85
4294967293,84
4294967293,83
4294967293,82
4294967293,81
4294967293,80
4294967293,79
4294967293,78
4294967293,77
4294967293,76
4294967293,75
4294967293,74
4294967293,73
4294967293,72
4294967293,71
4294967293,70
4294967293,69
4294967293,68
4294967293,67
4294967293,66
4294967293,65
4294967293,64
4294967293,63
4294967293,62
4294967293,61
4294967293,60
4294967293,59
4294967293,58
4294967293,57
4294967293,56
4294967293,55
4294967293,54
4294967293,53
4294967293,52
4294967293,51
4294967293,50
4294967293,49
4294967293,48
4294967293,47
4294967293,46
4294967293,45
4294967293,44
4294967293,43
4294967293,42
4294967293,41
4294967293,40
4294967293,39
4294967293,38
4294967293,37
4294967293,36
4294967293,35
4294967293,34
4294967293,33
4294967293,32
4294967293,31
4294967293,30
4294967293,29
4294967293,28
4294967293,27
4294967293,26
4294967293,25
4294967293,24
4294967293,23
4294967293,22
4294967293,21
4294967293,20
4294967293,19
4294967293,18
4294967293,17
4294967293,16
4294967293,15
4294967293,14
4294967293,13
4294967293,12
4294967293,11
4294967293,10
4294967293,9
4294967293,8
4294967293,7
4294967293,6
4294967293,5
4294967293,4
4294967293,3
4294967278,132
4294967278,128
4294967278,127
4294967278,441
4294967278,123
4294967278,122
4294967278,120
4294967278,439
4294967278,118
4294967278,117
4294967278,114
4294967278,112
4294967278,111
4294967278,108
4294967278,107
4294967278,106
4294967278,105
4294967278,104
4294967278,103
4294967278,323
4294967278,397
4294967278,102
4294967278,101
4294967278,100
4294967278,99
4294967278,98
4294967278,322
4294967278,97
4294967278,96
4294967278,95
4294967278,94
4294967278,93
4294967278,515
4294967278,92
4294967278,91
4294967278,90
4294967278,87
4294967278,321
4294967278,543
4294967278,86
4294967278,85
4294967278,82
4294967278,81
4294967278,434
4294967278,80
4294967278,79
4294967278,78
4294967278,77
4294967278,76
4294967278,74
4294967278,73
4294967278,72
4294967278,71
4294967278,70
4294967278,65
4294967278,63
4294967278,60
4294967278,55
4294967278,52
4294967278,51
4294967278,50
4294967278,300
4294967278,49
4294967278,532
4294967278,44
4294967278,446
4294967278,445
4294967278,39
4294967278,38
4294967278,427
4294967278,37
4294967278,405
4294967278,35
4294967278,34
4294967278,293
4294967278,33
4294967278,32
4294967278,325
4294967278,31
4294967278,324
4294967278,416
4294967278,30
4294967278,352
4294967278,29
4294967278,447
4294967278,28
4294967278,27
4294967278,25
4294967278,351
4294967278,24
4294967278,174
4294967278,88
4294967278,348
4294967278,350
4294967278,19
4294967278,269
4294967278,14
4294967278,426
4294967279,132
4294967279,131
4294967279,130
4294967279,129
4294967279,128
4294967279,127
4294967279,345
4294967279,326
4294967279,420
4294967279,86
4294967279,82
4294967279,81
4294967279,80
4294967279,174
4294967279,77
4294967279,76
4294967279,75
4294967279,74
4294967279,73
4294967279,72
4294967279,71
4294967279,70
4294967279,69
4294967279,67
4294967279,324
4294967279,66
4294967279,344
4294967279,65
4294967279,64
4294967279,63
4294967279,62
4294967279,61
4294967279,343
4294967279,361
4294967279,60
4294967279,59
4294967279,58
4294967279,57
4294967279,56
4294967279,55
4294967279,51
4294967279,399
4294967279,50
4294967279,49
4294967279,45
4294967279,43
4294967279,40
4294967279,39
4294967279,341
4294967279,38
4294967279,346
4294967279,438
4294967279,37
4294967279,36
4294967279,321
4294967279,409
4294967279,35
4294967279,33
4294967279,32
4294967279,439
4294967279,31
4294967279,30
4294967279,29
4294967279,28
4294967279,26
4294967279,25
4294967279,24
4294967279,23
4294967279,22
4294967279,21
4294967279,284
4294967279,20
4294967279,19
4294967279,18
4294967279,17
4294967279,16
4294967279,434
4294967279,15
4294967279,260
4294967279,14
4294967279,13
4294967279,12
4294967279,11
4294967279,10
4294967279,9
4294967279,8
4294967279,7
4294967279,6
4294967279,276
4294967279,5
4294967279,4
4294967278,522
4294967294,996
4294967294,1541
4294967294,1552
4294967294,1550
4294967294,1549
4294967294,1547
4294967294,1268
4294967294,743
4294967294,906
4294967294,742
4294967294,741
4294967294,739
4294967294,154
4294967294,71
4294967294,70
4294967294,735
4294967294,734
4294967294,1099
4294967294,731
4294967294,729
4294967294,728
4294967294,726
4294967294,724
4294967294,723
4294967294,711
4294967294,1265
4294967294,701
4294967294,697
4294967294,904
4294967294,660
4294967294,147
4294967294,657
4294967294,656
4294967294,1556
4294967294,654
4294967294,653
4294967294,651
4294967294,650
4294967294,649
4294967294,648
4294967294,1264
4294967294,645
4294967294,1092
4294967294,637
4294967294,635
4294967294,634
4294967294,633
4294967294,632
4294967294,628
4294967294,625
4294967294,1127
4294967294,617
4294967294,615
4294967294,613
4294967294,611
4294967294,607
4294967294,606
4294967294,605
4294967294,604
4294967294,602
4294967294,601
4294967294,600
4294967294,599
4294967294,597
4294967294,596
4294967294,595
4294967294,594
4294967294,896
4294967294,593
4294967294,588
4294967294,585
4294967294,583
4294967294,582
4294967294,1565
4294967294,318
4294967294,950
4294967294,313
4294967294,432
4294967294,305
4294967294,407
4294967294,298
4294967294,294
4294967294,271
4294967294,270
4294967294,268
4294967294,267
4294967294,266
4294967294,264
4294967294,261
4294967294,130
4294967294,258
4294967294,253
4294967294,1095
4294967294,240
4294967294,237
4294967294,236
4294967294,233
4294967294,232
4294967294,224
4294967294,219
4294967294,217
4294967294,215
4294967294,1557
4294967294,213
4294967294,1048
4294967294,1047
4294967294,1046
4294967294,1045
4294967294,1044
4294967294,1043
4294967294,1355
4294967294,1042
4294967294,1041
4294967294,1040
4294967294,1039
4294967294,1354
4294967294,209
4294967294,1038
4294967294,1037
4294967294,1036
4294967294,1035
4294967294,1034
4294967294,1033
4294967294,1032
4294967294,1031
4294967294,1030
4294967294,1029
4294967294,207
4294967294,1262
4294967294,1028
4294967294,1027
4294967294,1352
4294967294,1026
4294967294,204
4294967294,202
4294967294,1103
4294967294,199
4294967294,198
4294967294,1126
4294967294,1267
4294967294,195
4294967294,194
4294967294,193
4294967294,192
4294967294,1561
4294967294,1560
4294967294,566
4294967294,1554
4294967294,563
4294967294,559
4294967294,558
4294967294,557
4294967294,1546
4294967294,572
4294967294,556
4294967294,555
4294967294,1255
4294967294,157
1,3
1,0
4294967294,545
4294967294,1545
4294967294,1123
4294967294,1121
4294967279,369
4294967278,399
4294967278,425
4294967278,444
4294967278,412
4294967279,319
4294967278,249
4294967278,386
4294967278,235
4294967278,227
4294967279,316
4294967278,225
4294967278,421
4294967279,329
4294967279,328
4294967278,420
4294967279,315
4294967278,320
4294967278,436
4294967278,410
4294967279,418
4294967279,312
4294967278,432
4294967279,311
4294967278,408
4294967278,407
4294967278,406
4294967279,323
4294967279,322
4294967279,320
4294967294,1244
4294967294,920
4294967294,1539
4294967294,1543
4294967294,1540
4294967294,1538
4294967294,1542
4294967294,1599
4294967294,1254
4294967294,1258
4294967294,425
4294967294,1598
4294967294,1259
4294967294,1597
4294967294,1596
4294967294,1595
4294967294,1593
4294967294,1594
4294967294,1114
4294967294,1256
4294967294,1592
4294967294,1591
4294967294,1252
4294967294,1590
4294967294,780
4294967294,1589
4294967294,1588
4294967294,768
4294967294,1122
4294967294,409
4294967294,1251
4294967294,945
4294967294,788
4294967294,390
4294967294,926
4294967294,1250
4294967294,1232
4294967294,897
4294967294,429
4294967294,781
4294967294,826
4294967294,187
4294967294,1209
4294967294,898
4294967294,822
4294967294,994
4294967294,779
4294967294,1178
4294967294,1115
4294967294,1249
4294967294,155
4294967294,1154
4294967294,1153
4294967294,125
